4 0.377604 0.275391 0.031250 0.046875
4 0.414062 0.275879 0.036458 0.041992
2 0.453125 0.276855 0.033854 0.040039
2 0.488281 0.274902 0.033854 0.040039
2 0.523438 0.274902 0.033854 0.040039
5 0.561198 0.271484 0.033854 0.042969
5 0.591797 0.271484 0.024740 0.042969
5 0.615885 0.267090 0.023438 0.047852
4 0.380859 0.381348 0.027344 0.041992
4 0.416016 0.380371 0.027344 0.041992
2 0.451172 0.379883 0.032552 0.039062
2 0.487630 0.378906 0.032552 0.039062
2 0.524089 0.377930 0.032552 0.039062
5 0.563151 0.376953 0.032552 0.039062
5 0.596354 0.375977 0.026042 0.044922
5 0.619141 0.369629 0.019531 0.043945
13 0.428385 0.827148 0.057292 0.037109
13 0.491536 0.824707 0.058594 0.038086
14 0.552083 0.823242 0.057292 0.035156
14 0.618490 0.821289 0.057292 0.035156
14 0.551432 0.788574 0.061198 0.032227
14 0.618490 0.787109 0.062500 0.031250
0 0.389974 0.502930 0.032552 0.044922
0 0.437500 0.505859 0.031250 0.039062
1 0.471354 0.503906 0.026042 0.039062
1 0.503255 0.505371 0.032552 0.034180
1 0.538411 0.503906 0.032552 0.035156
1 0.610677 0.499512 0.031250 0.038086
1 0.572266 0.502441 0.032552 0.036133
1 0.621745 0.594727 0.029948 0.033203
1 0.587891 0.596680 0.035156 0.033203
1 0.528646 0.599121 0.028646 0.034180
1 0.496094 0.599121 0.028646 0.036133
0 0.462891 0.602051 0.032552 0.034180
0 0.427734 0.604004 0.029948 0.032227
0 0.393880 0.605957 0.027344 0.032227
0 0.624349 0.712891 0.032552 0.044922
0 0.593099 0.704590 0.027344 0.055664
0 0.559245 0.715820 0.029948 0.044922
0 0.488281 0.713867 0.033854 0.050781
0 0.446615 0.716309 0.033854 0.053711
0 0.406250 0.718750 0.036458 0.050781
1 0.558594 0.596191 0.028646 0.038086
0 0.522786 0.699219 0.032552 0.060547
