6 0.285156 0.229004 0.028646 0.055664
6 0.311198 0.229004 0.028646 0.055664
3 0.343750 0.230957 0.028646 0.055664
3 0.369792 0.232910 0.028646 0.055664
4 0.399740 0.233887 0.028646 0.055664
4 0.429688 0.235840 0.028646 0.055664
5 0.455729 0.235840 0.028646 0.055664
5 0.486979 0.237793 0.028646 0.055664
2 0.513021 0.240723 0.026042 0.057617
2 0.539714 0.240723 0.027344 0.053711
13 0.309896 0.440918 0.057292 0.049805
13 0.367188 0.440918 0.052083 0.049805
13 0.422526 0.442383 0.053385 0.050781
13 0.476562 0.442871 0.049479 0.049805
13 0.307943 0.495117 0.055990 0.052734
13 0.366536 0.494141 0.053385 0.050781
13 0.421875 0.494629 0.052083 0.049805
13 0.476562 0.494629 0.052083 0.049805
13 0.304688 0.566406 0.052083 0.048828
13 0.360026 0.565430 0.053385 0.048828
13 0.415365 0.563965 0.049479 0.047852
13 0.470052 0.563477 0.052083 0.048828
13 0.305990 0.618164 0.052083 0.050781
13 0.360677 0.616211 0.054688 0.048828
13 0.416016 0.614746 0.050781 0.047852
13 0.468750 0.612793 0.052083 0.047852
13 0.306641 0.705566 0.050781 0.049805
13 0.361979 0.703613 0.052083 0.049805
13 0.416016 0.700195 0.050781 0.048828
13 0.470703 0.697754 0.050781 0.047852
13 0.306641 0.755371 0.050781 0.047852
13 0.363281 0.751953 0.049479 0.048828
13 0.416667 0.748535 0.049479 0.047852
13 0.471354 0.746094 0.046875 0.046875
13 0.313802 0.845215 0.052083 0.047852
13 0.368490 0.842773 0.049479 0.046875
13 0.420573 0.838379 0.049479 0.043945
13 0.474609 0.834961 0.048177 0.044922
13 0.314453 0.892578 0.050781 0.048828
13 0.368490 0.889160 0.049479 0.045898
13 0.418620 0.885742 0.048177 0.046875
13 0.473307 0.881348 0.048177 0.045898
14 0.527995 0.443359 0.048177 0.048828
14 0.580729 0.443848 0.049479 0.049805
14 0.528646 0.494141 0.049479 0.050781
14 0.580729 0.495117 0.046875 0.048828
14 0.522786 0.562500 0.048177 0.048828
14 0.573568 0.562012 0.048177 0.047852
14 0.520833 0.611816 0.046875 0.045898
14 0.572917 0.611328 0.046875 0.048828
14 0.524740 0.696289 0.049479 0.048828
14 0.575521 0.692383 0.044271 0.046875
14 0.524089 0.742676 0.048177 0.045898
14 0.573568 0.739746 0.045573 0.045898
14 0.526042 0.832031 0.046875 0.046875
14 0.574219 0.827637 0.046875 0.043945
14 0.524089 0.876953 0.045573 0.044922
14 0.573568 0.873535 0.045573 0.045898
1 0.566406 0.242188 0.023438 0.048828
1 0.591797 0.245605 0.024740 0.051758
0 0.591797 0.313477 0.022135 0.042969
0 0.591797 0.363770 0.022135 0.047852
0 0.567708 0.312988 0.023438 0.041992
0 0.540365 0.312012 0.023438 0.043945
0 0.567057 0.362793 0.024740 0.047852
0 0.539714 0.361816 0.024740 0.047852
0 0.512370 0.361328 0.024740 0.050781
0 0.513672 0.310547 0.024740 0.041016
0 0.485677 0.310547 0.026042 0.041016
0 0.485677 0.359375 0.026042 0.046875
0 0.458984 0.359863 0.027344 0.047852
0 0.458984 0.308105 0.024740 0.041992
0 0.431641 0.309082 0.027344 0.041992
0 0.431641 0.358887 0.027344 0.047852
0 0.404297 0.308105 0.024740 0.043945
0 0.404297 0.359375 0.027344 0.048828
0 0.375651 0.305664 0.027344 0.042969
0 0.377604 0.357910 0.028646 0.045898
0 0.348307 0.356445 0.027344 0.048828
0 0.347656 0.304199 0.026042 0.045898
0 0.319010 0.355957 0.028646 0.047852
0 0.288411 0.355957 0.027344 0.049805
0 0.319010 0.303711 0.028646 0.044922
0 0.288411 0.303223 0.027344 0.043945
