4 0.303385 0.252441 0.031250 0.051758
4 0.339844 0.252930 0.036458 0.050781
2 0.382812 0.253906 0.033854 0.048828
2 0.422526 0.253906 0.035156 0.048828
2 0.461589 0.252930 0.035156 0.050781
5 0.501953 0.252930 0.032552 0.050781
5 0.536458 0.252441 0.033854 0.051758
5 0.572917 0.252930 0.033854 0.050781
5 0.524089 0.373047 0.035156 0.044922
5 0.565755 0.373535 0.037760 0.047852
3 0.330078 0.372070 0.035156 0.044922
3 0.365234 0.370117 0.035156 0.044922
3 0.303385 0.364258 0.018229 0.048828
2 0.402995 0.371094 0.035156 0.044922
2 0.442057 0.371094 0.035156 0.044922
2 0.483724 0.373047 0.037760 0.046875
14 0.335938 0.860840 0.059896 0.034180
14 0.404948 0.870117 0.065104 0.035156
14 0.475911 0.873535 0.063802 0.047852
14 0.550130 0.866211 0.063802 0.041016
1 0.542969 0.515625 0.039062 0.042969
1 0.501302 0.515137 0.041667 0.041992
1 0.460938 0.514160 0.036458 0.041992
0 0.422526 0.514160 0.035156 0.043945
0 0.372396 0.511230 0.036458 0.041992
0 0.339844 0.505859 0.028646 0.046875
0 0.306641 0.509277 0.035156 0.041992
1 0.557292 0.625488 0.036458 0.041992
1 0.517578 0.624512 0.035156 0.040039
1 0.473958 0.623047 0.036458 0.042969
0 0.434896 0.621582 0.036458 0.040039
0 0.398438 0.617676 0.036458 0.040039
0 0.360677 0.618164 0.036458 0.037109
0 0.315755 0.615723 0.037760 0.038086
0 0.528646 0.755859 0.041667 0.060547
0 0.483073 0.754395 0.041667 0.061523
0 0.436849 0.751953 0.042969 0.060547
0 0.393880 0.748047 0.040365 0.058594
0 0.350260 0.746582 0.039062 0.057617
0 0.306641 0.742188 0.040365 0.058594
